[158 156 154 160 171 146 100 102 106 105 113 123 128 130 130 132 134 132
 133 133 131 130 130 132 132 131 129 128 128 126 115 118 148 156 154 154
 153 154 154 179 211 143 113 121 121 123 123 125 122 105]
[156 156 155 163 166 141  98  99 105 104 112 121 127 129 131 131 132 132
 132 131 131 130 130 132 132 131 129 128 128 127 117 110 136 157 160 159
 156 153 151 158 203 186 117 118 121 123 126 126  87  50]
[157 158 161 165 161 141  97 100 105 104 111 121 127 128 129 130 130 130
 131 130 126 127 127 129 131 130 128 126 126 127 120 109 128 156 161 160
 157 155 153 149 173 213 153 113 122 124 126  85  49  49]
[159 162 166 163 160 141  95 100 104 104 111 120 124 126 127 129 129 130
 130 127 123 123 122 123 128 129 128 127 126 126 119 111 125 149 157 157
 156 156 155 150 149 198 203 124 117 123  82  49  52  49]
[161 164 155 157 161 141  94  98 103 104 112 120 124 125 127 128 127 129
 129 133 137 148 154 148 136 126 126 128 126 124 118 111 122 144 151 154
 154 153 150 146 141 165 216 170 113  81  47  54  52  46]
[165 155 134 157 164 142  92  94 101 104 112 119 124 125 127 128 132 129
 136 143 151 166 176 180 183 168 135 122 124 122 115 109 122 144 147 151
 150 147 145 141 140 143 189 216 106  45  51  51  49  46]
[167 129 113 159 165 140  88  90  98 101 108 116 120 123 126 125 123 124
 130 134 142 158 173 182 188 194 186 146 114 114 112 106 121 147 146 142
 146 143 144 142 142 142 160 169  63  46  52  48  49  47]
[149  98 110 160 165 139  87  92  99 101 108 114 118 121 126 115 116 122
 127 134 137 150 171 184 188 192 197 202 173 111 103 102 120 151 150 125
 127 145 145 143 144 148 136  65  46  49  49  51  58  89]
[115  87 112 159 165 138  88  92 100 101 108 115 120 122 115 112 118 119
 127 136 139 146 168 180 187 200 205 208 216 163  92  94 117 150 152 113
  86 137 145 143 145 145  83  45  51  50  50  61  99 142]
[ 92  89 111 157 165 138  87  92  99 101 107 115 119 118 111 114 116 123
 133 139 140 142 161 183 199 201 200 203 209 210 150  87 115 151 153 115
  58 109 144 142 147 108  47  52  49  50  53  91 140 155]
[ 91  90 110 155 163 139  88  90  99 101 107 113 127 113 110 114 121 132
 137 137 130 149 180 191 192 197 203 204 205 208 213 135 106 150 153 117
  51  63 136 157 134  60  48  53  50  49  72 133 153 162]
[ 90  89 108 155 164 140  86  88  96  99 106 113 144 109 111 117 125 130
 131 128 149 176 181 184 191 195 197 200 203 205 211 194 116 147 154 115
  51  97 187 213 152  47  53  51  51  59 121 151 159 158]
[ 95  95 110 156 167 141  86  90 100 101 107 121 153 104 109 119 124 125
 126 149 167 173 178 183 183 187 194 197 197 198 203 207 169 149 151 117
 128 192 208 214 177  52  49  48  48  98 150 156 157 156]
[ 99  98 115 156 170 144  89  92 101 102 105 127 152 104 106 115 121 124
 141 149 160 172 175 175 176 182 186 190 185 191 196 196 197 169 163 182
 200 205 203 214 164  51  48  49  70 138 156 158 156 154]
[ 99  98 115 159 173 146  88  91  99  99 101 133 161 115 107 114 122 138
 142 145 155 166 168 171 174 173 179 180 185 186 183 180 181 188 196 201
 201 202 194 208 132  45  47  56 118 153 160 158 156 155]
[ 97  95 114 160 172 146  90  92  99  99  98 138 168 133 107 115 132 135
 140 145 149 158 165 166 166 164 168 174 177 173 171 177 190 196 197 199
 202 197 166 173  83  47  47  86 145 157 159 158 157 157]
[ 96  96 117 160 172 148  89  92  97  98  94 144 180 147 118 125 130 135
 137 138 146 142 139 143 145 155 157 152 152 165 180 191 192 194 199 204
 207 168 140 147  52  49  60 125 154 158 157 156 156 156]
[ 99 100 122 162 173 150  88  90  99  99  94 141 190 146 125 119 129 132
 131 137 135 121  98 116 113  99  84  74 133 183 194 194 193 199 202 183
 146 114 144  95  45  48  83 146 158 158 156 154 154 154]
[103 100 121 161 172 150  89  90  98  99  96 120 192 149 126 122 128 127
 131 129 110  87  67  85  85  75  66 115 173 188 189 190 193 181 153 124
 128 154  98  50  48  56 117 156 163 160 157 155 154 154]
[105 101 118 160 173 151  90  89  97  98 100 105 177 171 127 125 123 126
 118  95  72  62  62  67  78  78 127 180 183 179 181 190 164 103 115 154
 164  98  49  52  48  73 139 163 164 162 158 156 155 152]
[106 100 112 159 174 152  89  87  97  97 103 104 143 185 127 120 126 119
  88  74  63  70  60  56  74 114 169 183 176 174 184 193 173  95 101 141
  83  46  54  50  51  99 146 166 163 162 160 158 156 153]
[104  98 109 158 174 153  90  89  99  99 106 111 134 171 115 120 116  85
  59  56  67  74  64  56 117 153 180 171 169 176 195 201 197 110  70 122
  57  51  57  47  63 126 151 159 160 161 161 159 157 153]
[103  97 108 158 174 153  93  92 102 101 110 116 122 144 120 118  77  58
  58  53  59  74  68 114 170 167 176 164 166 185 198 205 209 139  55 111
  65  56  57  48  86 145 159 154 153 151 154 155 154 153]
[101  96 107 158 175 154  92  92 102 102 109 118 121 117 127  92  64  58
  61  51  64  60 102 159 178 170 147 154 173 183 195 201 208 154  55 101
  75  59  54  54 114 153 161 161 159 152 147 145 146 147]
[101  98 107 158 177 155  93  92 101 100 107 129 129  91  98  75  71  58
  58  50  60  82 157 180 161 129 112 104 137 170 189 186 144 104  56  92
  87  59  51  68 132 157 157 157 158 155 153 152 145 137]
[ 99  93 101 158 177 155  91  90 100  94 128 152 129  77  71  82  66  57
  55  58  53 132 186 162  81  62  91  92 119 154 190 121  84  68  50  85
  94  56  48  88 146 157 154 155 155 153 152 149 141 136]
[ 99  89  95 157 180 157  96  97 101  89 133 142  78  65  69  94  75  50
  51  44  92 169 174 129  99  99 151 146 119 150 184 112 120  77  47  88
 105  56  52 112 153 154 152 153 152 149 144 140 145 160]
[ 98  84  89 156 181 161  99  99 111 122 107  69  86  76  72 102  91  48
  46  60 144 168 126 141 150 144 153 155 132 145 193 154 122  90  54  89
 109  51  64 131 154 152 151 151 149 143 141 165 184 189]
[ 87  76  83 154 180 160  97 100 123 113  78  77  96  58  61  88  91  61
  46 107 167 104 118 145 164 173 173 159 139 140 195 169 139 109  59  83
 109  47  81 144 155 151 150 148 143 139 168 194 193 194]
[ 77  68  78 153 176 158  97 104 113  96  82  82  89  53  50  61  96  85
  60 152 116  73 122 141 158 172 172 154 135 134 190 170 142 104  57  74
 115  52 103 156 155 151 147 144 139 154 191 195 201 203]
[ 78  65  73 152 176 158  97 109 108  93  84  93  99  55  52  84  98  67
 104 138  57  78 119 136 149 159 163 144 128 130 182 170 137  85  56  67
 118  63 125 156 152 150 148 143 141 180 195 202 207 206]
[ 79  68  82 153 175 160 100 100  96  87  82  86 107  65  57  68  65  83
 152  76  51  89 118 133 145 152 157 143 123 120 163 160 125  61  58  59
 117  88 142 155 150 149 146 140 152 193 201 206 208 208]
[ 77  70 100 158 174 162  97  99  96  78  71  80 107  92  76  68 119 123
  98  51  60  97 120 132 141 147 155 152 144 162 179 152  99  50  67  59
 107 118 150 153 150 148 145 138 164 199 206 207 209 210]
[ 68  66 100 159 176 163  98 105  94  76  64  79  86 105  84 131 145  98
  56  54  59  89 117 132 139 139 138 142 146 170 166 135  68  51  72  59
  98 133 151 152 148 147 144 137 171 205 208 208 211 212]
[ 59  64 103 162 178 163 108 107  88  60  70 100  90  93 122 164 123  64
  49  55  61  78 107 125 135 139 120 121 132 144 136 102  49  54  72  63
  92 147 153 152 149 146 144 136 180 211 210 211 212 211]
[ 52  60 104 158 179 164 100 103  83  62  77 113  97 103 130 153  87  53
  51  55  60  67  87 112 127 139 136 130 137 145 133  65  49  55  75  68
  94 151 153 153 152 147 143 133 188 215 214 212 208 207]
[ 49  63 110 155 177 162  96  89  73  59  71 103 112 109 117 109  51  54
  52  51  55  59  66  84 116 133 143 153 161 156  99  49  55  57  82  73
  95 153 154 152 151 147 140 131 195 216 213 211 209 202]
[ 46  55 104 156 175 160 106  85  67  61  65 100  95 121 126  87  51  59
  53  50  52  58  61  66  94 119 138 156 163 154  92  54  56  59  87  80
 101 142 135 142 145 144 135 137 204 212 211 198 147  99]
[ 69  54  82 149 173 164 117  77  59  63  67 100  99 110 112 118  77  60
  55  51  51  56  58  90 122 130 139 146 151 173 178 137  79  55  85  79
 104 133 122 118 117 119 119 137 205 209 197 127  62  69]
[127  95  70 141 173 164 125  60  57  75  76  75  95  89 117 118  93  63
  58  52  55  59  63  89 122 130 139 140 153 177 192 201 188 111  72  70
 105 146 140 132 120 107 108 131 206 204 129  73  82  89]
[125 141  82 141 176 169 124  49  55  62  67  61  73  78 108 126 108  79
  58  54  57  65  81  87 125 135 139 144 157 169 181 192 206 203 106  56
 109 147 144 141 135 126 125 165 213 178  88  92 100  96]
[ 86 155  89 139 178 167 108  48  50  57  73  53  66  84  94 129 100 102
  56  55  54  65  93  87 128 135 139 145 153 163 175 187 201 214 181  59
 114 148 144 140 135 128 156 199 211 140  92 104  97 100]
[ 68 152  90 137 179 168 101  49  46  68  69  53  52  71  94 126 120 101
  61  57  53  84 105  94 131 137 137 142 149 159 170 185 199 210 212  98
 121 147 143 138 130 137 199 214 192 112 101 103  98  97]
[ 59 149  98 135 178 167 101  46  51  60  61  53  52  64  91 117  93  77
  75  63  59 106 107 103 135 139 136 138 146 155 165 179 195 206 215 147
 129 146 141 138 130 145 202 212 161 106 100  96  98  92]
[ 52 141 108 134 177 168 108  50  54  54  59  54  54  70  85  92  99  66
  52  50  74 117  98 117 139 141 138 137 143 151 160 173 190 203 213 190
 127 126 137 140 138 141 172 205 135  97  89  96  95  89]
[ 46 139 121 130 176 168 106  52  49  55  59  53  50  70  96  80  78  54
  44  53  97 109  91 131 140 142 140 137 141 148 156 167 183 200 210 208
 115  86  91  95 118 150 178 184  97  84  91  94  95  72]
[ 78 145 136 131 176 167 100  51  51  52  58  56  49  56  92 109  64  44
  45  76 106  82 112 136 139 141 142 138 138 143 151 162 177 194 206 213
 144  98  88  62  71 173 189 121  67  86  91  92  94  65]
[ 93 146 143 133 177 168  92  49  53  52  61  69  60  63  74  95  56  43
  52  79  86 104 129 136 139 141 143 143 140 141 147 157 169 186 201 213
 173  99 101  90  96 166 123  70  80  91  80 102  87  65]
[ 65 131 158 136 177 166  77  49  56  58  62  78  80  69  75  92  57  48
  71  97 116 127 130 134 137 140 143 145 144 143 146 154 165 179 194 208
 194 102 103 111 114 112  96  86  89  77  94 106  70  56]
[ 50 130 182 143 177 160  69  51  62  66  74  80  89  76  66  75  71  66
 100 118 124 127 130 133 136 139 142 145 147 148 149 154 163 174 189 202
 205 119  97 116 121 119 111  90  83  88 116  84  56  75]
